1000 0.1288402099609375
2000 0.10100740051269531
3000 0.08664215087890625
4000 0.07822502899169922
5000 0.07197660827636719
6000 0.06713937250773112
7000 0.06311847250802176
8000 0.059760376453399655
9000 0.05695669089423286
10000 0.05452260017395019
11000 0.05238819746537642
12000 0.050386152744293214
13000 0.04867907744187575
14000 0.04727998406546456
15000 0.04603399963378906
16000 0.044892787098884585
17000 0.04384684730978573
18000 0.04284509876039293
19000 0.041946892939115826
20000 0.04106863036155701
21000 0.04032140086946033
22000 0.039533403483304114
23000 0.038800280280735185
24000 0.03811936338742574
25000 0.03749056083679199
