Square weight set-up
10,000 arms
1,000,000 plays

Final weights:
 0.4635104012871185  0.008278577301697787 0.19864776489436142
 0.3834116719407925 -0.4728510081332067   0.3479352549649968
-0.823022194572177  -0.10840169493379936 -0.697983633524621 

-0.9772242939444473  -0.49982133328040335 0.5749636102857301
 0.9269579853287837   0.09614689626760176 0.8817569218104953 
-0.06345855143059342 -0.19245611743716573 0.8467338716740347 

-0.5501496435370754  -0.994460455558543   0.3225371166303974 
 0.9853141514340684   0.5736983702569851 -0.44558162597523987
-0.22568339875046672 -0.780276719787089   0.6254986446079089 

 0.469200884406898  -0.06372516921249427 -0.23547639774960571
 0.2499940062952335 -0.8100874609199906  -0.8831438019817086
-0.7564728913924441  0.1514979245871404  -0.08232890759034639 

0.4920598344678584    0.978115948542857  -0.2872905446352392 
-0.23720222728763307 -0.5248713067246356 -0.701722941213581
-0.8938494583678012  -0.13363785287496732 0.3914448200952325 

 0.4920598344678584   0.978115948542857  -0.2872905446352392
-0.23720222728763307 -0.5248713067246356 -0.701722941213581
-0.8938494583678012  -0.13363785287496732 0.3914448200952325 

 0.4920598344678584   0.978115948542857  -0.2872905446352392
-0.23720222728763307 -0.5248713067246356 -0.701722941213581 
-0.8938494583678012  -0.13363785287496732 0.3914448200952325 

 0.4920598344678584   0.978115948542857  -0.2872905446352392 
-0.23720222728763307 -0.5248713067246356 -0.701722941213581 
-0.8938494583678012  -0.13363785287496732 0.3914448200952325 

0.8939180432491769   -0.6518600417845422  -0.6329877373900239
0.6730484892393453    0.004351555123536244 0.937246810941488 
0.005280814441908976 -0.5087634492740469  -0.5593420090595469 


Time taken: 778.214800903 s (estimated from alter)